127.989, 127.989, 127.989, 127.989, 127.989, 127.989, 127.989,
127.989, 127.989, 127.989, 127.989, 127.989, 127.989, 127.99, 127.99,
127.99, 127.99, 127.99, 127.99, 127.99, 127.99, 127.99, 127.99,
127.99, 127.99, 127.99, 127.99, 127.99, 127.99, 127.99, 127.99,
127.99, 127.99, 127.99, 127.99, 127.991, 127.991, 127.991, 127.991,
127.991, 127.991, 127.991, 127.991, 127.991, 127.991, 127.991,
127.991, 127.991, 127.991, 127.991, 127.991, 127.991, 127.991,
127.991, 127.991, 127.991, 127.991, 127.991, 127.992, 127.992,
127.992, 127.992, 127.992, 127.992, 127.992, 127.992, 127.992,
127.992, 127.992, 127.992, 127.992, 127.992, 127.992, 127.992,
127.992, 127.992, 127.992, 127.992, 127.992, 127.992, 127.992,
127.992, 127.992, 127.992, 127.992, 127.993, 127.993, 127.993,
127.993, 127.993, 127.993, 127.993, 127.993, 127.993, 127.993,
127.993, 127.993, 127.993, 127.993, 127.993, 127.993, 127.993,
127.993, 127.993, 127.993, 127.993, 127.993, 127.993, 127.993,
127.993, 127.993, 127.993, 127.993, 127.993, 127.993, 127.994,
127.994, 127.994, 127.994, 127.994, 127.994, 127.994, 127.994,
127.994, 127.994, 127.994, 127.994, 127.994, 127.994, 127.994,
127.994, 127.994, 127.994, 127.994, 127.994, 127.994, 127.994,
127.994, 127.994, 127.994, 127.994, 127.994, 127.994, 127.994,
127.994, 127.994, 127.994, 127.994, 127.994, 127.994, 127.995,
127.995, 127.995, 127.995, 127.995, 127.995, 127.995, 127.995,
127.995, 127.995, 127.995, 127.995, 127.995, 127.995, 127.995,
127.995, 127.995, 127.995, 127.995, 127.995, 127.995, 127.995,
127.995, 127.995, 127.995, 127.995, 127.995, 127.995, 127.995,
127.995, 127.995, 127.995, 127.995, 127.995, 127.995, 127.995,
127.995, 127.995, 127.995, 127.995, 127.995, 127.995, 127.996,
127.996, 127.996, 127.996, 127.996, 127.996, 127.996, 127.996,
127.996, 127.996, 127.996, 127.996, 127.996, 127.996, 127.996,
127.996, 127.996, 127.996, 127.996, 127.996, 127.996, 127.996,
127.996, 127.996, 127.996, 127.996, 127.996, 127.996, 127.996,
127.996, 127.996, 127.996, 127.996, 127.996, 127.996, 127.996,
127.996, 127.996, 127.996, 127.996, 127.996, 127.996, 127.996,
127.996, 127.996, 127.996, 127.996, 127.996, 127.996, 127.996,
127.996, 127.996, 127.996, 127.997, 127.997, 127.997, 127.997,
127.997, 127.997, 127.997, 127.997, 127.997, 127.997, 127.997,
127.997, 127.997, 127.997, 127.997, 127.997, 127.997, 127.997,
127.997, 127.997, 127.997, 127.997, 127.997, 127.997, 127.997,
127.997, 127.997, 127.997, 127.997, 127.997, 127.997, 127.997,
127.997, 127.997, 127.997, 127.997, 127.997, 127.997, 127.997,
127.997, 127.997, 127.997, 127.997, 127.997, 127.997, 127.997,
127.997, 127.997, 127.997, 127.997, 127.997, 127.997, 127.997,
127.997, 127.997, 127.997, 127.997, 127.997, 127.997, 127.997,
127.997, 127.997, 127.997, 127.997, 127.997, 127.997, 127.997,
127.997, 127.997, 127.998, 127.998, 127.998, 127.998, 127.998,
127.998, 127.998, 127.998, 127.998, 127.998, 127.998, 127.998,
127.998, 127.998, 127.998, 127.998, 127.998, 127.998, 127.998,
127.998, 127.998, 127.998, 127.998, 127.998, 127.998, 127.998,
127.998, 127.998, 127.998, 127.998, 127.998, 127.998, 127.998,
127.998, 127.998, 127.998, 127.998, 127.998, 127.998, 127.998,
127.998, 127.998, 127.998, 127.998, 127.998, 127.998, 127.998,
127.998, 127.998, 127.998, 127.998, 127.998, 127.998, 127.998,
127.998, 127.998, 127.998, 127.998, 127.998, 127.998, 127.998,
127.998, 127.998, 127.998, 127.998, 127.998, 127.998, 127.998,
127.998, 127.998, 127.998, 127.998, 127.998, 127.998, 127.998,
127.998, 127.998, 127.998, 127.998, 127.998, 127.998, 127.998,
127.998, 127.998, 127.998, 127.998, 127.998, 127.998, 127.998,
127.998, 127.998, 127.998, 127.998, 127.998, 127.998, 127.998,
127.998, 127.998, 127.998, 127.998, 127.998, 127.998, 127.998,
127.998, 127.999, 127.999, 127.999, 127.999, 127.999, 127.999,
127.999, 127.999, 127.999, 127.999, 127.999, 127.999, 127.999,
127.999, 127.999, 127.999, 127.999, 127.999, 127.999, 127.999,
127.999, 127.999, 127.999, 127.999, 127.999, 127.999, 127.999,
127.999, 127.999, 127.999, 127.999, 127.999, 127.999, 127.999,
127.999, 127.999, 127.999, 127.999, 127.999, 127.999, 127.999,
127.999, 127.999, 127.999, 127.999, 127.999, 127.999, 127.999,
127.999, 127.999, 127.999, 127.999, 127.999, 127.999, 127.999,
127.999, 127.999, 127.999, 127.999, 127.999, 127.999, 127.999,
127.999, 127.999, 127.999, 127.999, 127.999, 127.999, 127.999,
127.999, 127.999, 127.999, 127.999, 127.999, 127.999, 127.999,
127.999, 127.999, 127.999, 127.999, 127.999, 127.999, 127.999,
127.999, 127.999, 127.999, 127.999, 127.999, 127.999, 127.999,
127.999, 127.999, 127.999, 127.999, 127.999, 127.999, 127.999,
127.999, 127.999, 127.999, 127.999, 127.999, 127.999, 127.999,
127.999, 127.999, 127.999, 127.999, 127.999, 127.999, 127.999,
127.999, 127.999, 127.999, 127.999, 127.999, 127.999, 127.999,
127.999, 127.999, 127.999, 127.999, 127.999, 127.999, 127.999,
127.999, 127.999, 127.999, 127.999, 127.999, 127.999, 127.999,
127.999, 127.999, 127.999, 127.999, 127.999, 127.999, 127.999,
127.999, 127.999, 127.999, 127.999, 127.999, 127.999, 127.999,
127.999, 127.999, 127.999, 127.999, 127.999, 127.999, 127.999,
127.999, 127.999, 127.999, 127.999, 127.999, 127.999, 127.999,
127.999, 127.999, 127.999, 127.999, 127.999, 127.999, 127.999,
127.999, 127.999, 127.999, 127.999, 127.999, 127.999, 127.999,
127.999, 127.999, 127.999, 127.999, 127.999, 127.999, 127.999,
127.999, 127.999, 127.999, 127.999, 127.999, 127.999, 127.999,
127.999, 127.999, 127.999, 127.999, 127.999, 127.999, 127.999,
127.999, 127.999, 127.999, 127.999, 127.999, 127.999, 127.999,
127.999, 127.999, 127.999, 127.999, 127.999, 127.999, 127.999,
127.999, 127.999, 127.999, 127.999, 127.999, 127.999, 127.999,
127.999, 127.999, 127.999, 127.999, 127.999, 128., 128., 128., 128.,
128., 128., 128., 128., 128., 128., 128., 128., 128., 128., 128.,
128., 128., 128., 128., 128., 128., 128., 128., 128., 128., 128.,
128., 128., 128., 128., 128., 128., 128., 128., 128., 128., 128.,
128., 128., 128., 128., 128., 128., 128., 128., 128., 128., 128.,
128., 128., 128., 128., 128., 128., 128., 128., 128., 128., 128.,
128., 128., 128., 128., 128., 128., 128., 128., 128., 128., 128.,
128., 128., 128., 128., 128., 128., 128., 128., 128., 128., 128.,
128., 128., 128., 128., 128., 128., 128., 128., 128., 128., 128.,
128., 128., 128., 128., 128., 128., 128., 128., 128., 128., 128.,
128., 128., 128., 128., 128., 128., 128., 128., 128., 128., 128.,
128., 128., 128., 128., 128., 128., 128., 128., 128., 128., 128.,
128., 128., 128., 128., 128., 128., 128., 128., 128., 128., 128.,
128., 128., 128., 128., 128., 128., 128., 128., 128., 128., 128.,
128., 128., 128., 128., 128., 128., 128., 128., 128., 128., 128.,
128., 128., 128., 128., 128., 128., 128., 128., 128., 128., 128.,
128., 128., 128., 128., 128., 128., 128., 128., 128., 128., 128.,
128., 128., 128., 128., 128., 128., 128., 128., 128., 128., 128.,
128., 128., 128., 128., 128., 128., 128., 128., 128., 128., 128.,
128., 128., 128., 128., 128., 128., 128., 128., 128., 128., 128.,
128., 128., 128., 128., 128., 128., 128., 128., 128., 128., 128.,
128., 128., 128., 128., 128., 128., 128., 128., 128., 128., 128.,
128., 128., 128., 128., 128., 128., 128., 128., 128., 128., 128.,
128., 128., 128., 128., 128., 128., 128., 128., 128., 128., 128.,
128., 128., 128., 128., 128., 128., 128., 128., 128., 128., 128.,
128., 128., 128., 128., 128., 128., 128., 128., 128., 128., 128.,
128., 128., 128., 128., 128., 128., 128., 128., 128., 128., 128.,
128., 128., 128., 128., 128., 128., 128., 128., 128., 128., 128.,
128., 128., 128., 128., 128., 128., 128., 128., 128., 128., 128.,
128., 128., 128., 128., 128., 128., 128., 128., 128., 128., 128.,
128., 128., 128., 128., 128., 128., 128., 128., 128., 128., 128.,
128., 128., 128., 128., 128., 128., 128., 128., 128., 128., 128.,
128., 128., 128., 128., 128., 128., 128., 128., 128., 128., 128.,
128., 128., 128., 128., 128., 128., 128., 128., 128., 128., 128.,
128., 128., 128., 128., 128., 128., 128., 128., 128., 128., 128.,
128., 128., 128., 128., 128., 128., 128., 128., 128., 128., 128.,
128., 128., 128., 128., 128., 128., 128., 128., 128., 128., 128.,
128., 128., 128., 128., 128., 128., 128., 128., 128., 128., 128.,
128., 128., 128., 128., 128., 128., 128., 128., 128., 128., 128.,
128., 128., 128., 128., 128., 128., 128., 128., 128., 128., 128.,
128., 128., 128., 128., 128., 128., 128., 128., 128., 128., 128.,
128., 128., 128., 128., 128., 128., 128., 128., 128., 128., 128.,
128., 128., 128., 128., 128., 128., 128., 128., 128., 128., 128.,
128., 128., 128., 128., 128., 128., 128., 128., 128., 128., 128.,
128., 128., 128., 128., 128., 128., 128., 128., 128., 128., 128.,
128., 128., 128., 128., 128., 128., 128., 128., 128., 128., 128.,
128., 128., 128., 128., 128., 128., 128., 128., 128., 128., 128.,
128., 128., 128., 128., 128., 128., 128., 128., 128., 128., 128.,
128., 128., 128., 128., 128., 128., 128., 128., 128., 128., 128.,
128., 128., 128., 128., 128., 128., 128., 128., 128., 128., 128.,
128., 128., 128., 128., 128., 128., 128., 128., 128., 128., 128.,
128., 128., 128., 128., 128., 128., 128., 128., 128., 128., 128.,
128., 128., 128., 128., 128., 128., 128., 128., 128., 128., 128.,
128., 128., 128., 128., 128., 128., 128., 128., 128., 128., 128.,
128., 128., 128., 128., 128., 128., 128., 128., 128., 128., 128.,
128., 128., 128., 128., 128., 128., 128., 128., 128., 128., 128.,
128., 128., 128., 128., 128., 128., 128., 128., 128., 128., 128.,
128., 128., 128., 128., 128., 128., 128., 128., 128., 128., 128.,
128., 128., 128., 128., 128., 128., 128., 128., 128., 128., 128.,
128., 128., 128., 128., 128., 128., 128., 128., 128., 128., 128.,
128., 128., 128., 128., 128., 128., 128., 128., 128., 128., 128.,
128., 128., 128., 128., 128., 128., 128., 128., 128., 128., 128.,
128., 128., 128., 128., 128., 128., 128., 128., 128., 128., 128.,
128., 128., 128., 128., 128., 128., 128., 128., 128., 128., 128.,
128., 128., 128., 128., 128., 128., 128., 128., 128., 128., 128.,
128., 128., 128., 128., 128., 128., 128., 128., 128., 128., 128.,
128., 128., 128., 128., 128., 128., 128., 128., 128., 128., 128.,
128., 128., 128., 128., 128., 128., 128., 128., 128., 128., 128.,
128., 128., 128., 128., 128., 128., 128., 128., 128., 128., 128.,
128., 128., 128., 128., 128., 128., 128., 128., 128., 128., 128.,
128., 128., 128., 128., 128., 128., 128., 128., 128., 128., 128.,
128., 128., 128., 128., 128., 128., 128., 128., 128., 128., 128.,
128., 128., 128., 128., 128., 128., 128., 128., 128., 128., 128.,
128., 128., 128., 128., 128., 128., 128., 128., 128., 128., 128.,
128., 128., 128., 128., 128., 128., 128., 128., 128., 128., 128.,
128., 128., 128., 128., 128., 128., 128., 128., 128., 128., 128.,
128., 128., 128., 128., 128., 128., 128., 128., 128., 128., 128.,
128., 128., 128., 128., 128., 128., 128., 128., 128., 128., 128.,
128., 128., 128., 128., 128., 128., 128., 128., 128., 128., 128.,
128., 128., 128., 128., 128., 128., 128., 128., 128., 128., 128.,
128., 128., 128., 128., 128., 128., 128., 128., 128., 128., 128.,
128., 128., 128., 128., 128., 128., 128., 128., 128., 128., 128.,
128., 128., 128., 128., 128., 128., 128., 128., 128., 128., 128.,
128., 128., 128., 128., 128., 128., 128., 128., 128., 128., 128.,
128., 128., 128., 128., 128., 128., 128., 128., 128., 128., 128.,
128., 128., 128., 128., 128., 128., 128., 128., 128., 128., 128.,
128., 128., 128., 128., 128., 128., 128., 128., 128., 128., 128.,
128., 128., 128., 128., 128., 128., 128., 128., 128., 128., 128.,
128., 128., 128., 128., 128., 128., 128., 128., 128.))
data_prob_specific <- data.frame(x=2048:4000, avg=c(0.533644, 0.534422, 0.5352, 0.535977, 0.536753, 0.53753, 0.538305,
0.539081, 0.539856, 0.540631, 0.541405, 0.542179, 0.542952, 0.543725,
0.544498, 0.54527, 0.546042, 0.546813, 0.547584, 0.548354, 0.549124,
0.549894, 0.550663, 0.551432, 0.5522, 0.552968, 0.553735, 0.554502,
0.555269, 0.556035, 0.5568, 0.557566, 0.55833, 0.559094, 0.559858,
0.560621, 0.561384, 0.562147, 0.562908, 0.56367, 0.564431, 0.565191,
0.565951, 0.566711, 0.567469, 0.568228, 0.568986, 0.569743, 0.5705,
0.571257, 0.572013, 0.572768, 0.573523, 0.574278, 0.575032, 0.575785,
0.576538, 0.57729, 0.578042, 0.578794, 0.579545, 0.580295, 0.581045,
0.581794, 0.582543, 0.583291, 0.584038, 0.584786, 0.585532, 0.586278,
0.587024, 0.587768, 0.588513, 0.589257, 0.59, 0.590743, 0.591485,
0.592226, 0.592967, 0.593708, 0.594448, 0.595187, 0.595926, 0.596664,
0.597402, 0.598139, 0.598875, 0.599611, 0.600346, 0.601081, 0.601815,
0.602549, 0.603281, 0.604014, 0.604746, 0.605477, 0.606207, 0.606937,
0.607667, 0.608395, 0.609123, 0.609851, 0.610578, 0.611304, 0.61203,
0.612755, 0.613479, 0.614203, 0.614926, 0.615649, 0.616371, 0.617092,
0.617813, 0.618533, 0.619253, 0.619971, 0.62069, 0.621407, 0.622124,
0.62284, 0.623556, 0.624271, 0.624985, 0.625699, 0.626412, 0.627124,
0.627836, 0.628547, 0.629258, 0.629967, 0.630677, 0.631385, 0.632093,
0.6328, 0.633506, 0.634212, 0.634917, 0.635622, 0.636326, 0.637029,
0.637731, 0.638433, 0.639134, 0.639834, 0.640534, 0.641233, 0.641931,
0.642629, 0.643326, 0.644022, 0.644718, 0.645413, 0.646107, 0.646801,
0.647493, 0.648185, 0.648877, 0.649568, 0.650258, 0.650947, 0.651636,
0.652323, 0.653011, 0.653697, 0.654383, 0.655068, 0.655752, 0.656436,
0.657119, 0.657801, 0.658483, 0.659163, 0.659843, 0.660523, 0.661201,
0.661879, 0.662556, 0.663233, 0.663908, 0.664583, 0.665257, 0.665931,
0.666604, 0.667276, 0.667947, 0.668618, 0.669287, 0.669956, 0.670625,
0.671292, 0.671959, 0.672625, 0.673291, 0.673955, 0.674619, 0.675282,
0.675944, 0.676606, 0.677267, 0.677927, 0.678586, 0.679245, 0.679903,
0.68056, 0.681216, 0.681872, 0.682526, 0.68318, 0.683834, 0.684486,
0.685138, 0.685789, 0.686439, 0.687088, 0.687737, 0.688385, 0.689032,
0.689678, 0.690324, 0.690969, 0.691613, 0.692256, 0.692898, 0.69354,
0.694181, 0.694821, 0.69546, 0.696099, 0.696736, 0.697373, 0.69801,
0.698645, 0.69928, 0.699913, 0.700547, 0.701179, 0.70181, 0.702441,
0.703071, 0.7037, 0.704328, 0.704956, 0.705582, 0.706208, 0.706833,
0.707458, 0.708081, 0.708704, 0.709326, 0.709947, 0.710567, 0.711187,
0.711805, 0.712423, 0.71304, 0.713657, 0.714272, 0.714887, 0.715501,
0.716114, 0.716726, 0.717337, 0.717948, 0.718558, 0.719167, 0.719775,
0.720382, 0.720989, 0.721595, 0.7222, 0.722804, 0.723407, 0.724009,
0.724611, 0.725212, 0.725812, 0.726411, 0.72701, 0.727607, 0.728204,
0.7288, 0.729395, 0.729989, 0.730583, 0.731175, 0.731767, 0.732358,
0.732948, 0.733538, 0.734126, 0.734714, 0.735301, 0.735887, 0.736472,
0.737057, 0.73764, 0.738223, 0.738805, 0.739386, 0.739966, 0.740546,
0.741124, 0.741702, 0.742279, 0.742855, 0.74343, 0.744005, 0.744578,
0.745151, 0.745723, 0.746294, 0.746864, 0.747434, 0.748002, 0.74857,
0.749137, 0.749703, 0.750268, 0.750833, 0.751396, 0.751959, 0.752521,
0.753082, 0.753642, 0.754202, 0.75476, 0.755318, 0.755875, 0.756431,
0.756986, 0.757541, 0.758094, 0.758647, 0.759199, 0.75975, 0.7603,
0.760849, 0.761398, 0.761945, 0.762492, 0.763038, 0.763583, 0.764127,
0.764671, 0.765213, 0.765755, 0.766296, 0.766836, 0.767375, 0.767914,
0.768451, 0.768988, 0.769524, 0.770059, 0.770593, 0.771126, 0.771659,
0.772191, 0.772721, 0.773251, 0.77378, 0.774309, 0.774836, 0.775363,
0.775888, 0.776413, 0.776937, 0.777461, 0.777983, 0.778505, 0.779025,
0.779545, 0.780064, 0.780582, 0.7811, 0.781616, 0.782132, 0.782646,
0.78316, 0.783674, 0.784186, 0.784697, 0.785208, 0.785717, 0.786226,
0.786734, 0.787242, 0.787748, 0.788254, 0.788758, 0.789262, 0.789765,
0.790267, 0.790768, 0.791269, 0.791769, 0.792267, 0.792765, 0.793262,
0.793759, 0.794254, 0.794749, 0.795242, 0.795735, 0.796227, 0.796719,
0.797209, 0.797699, 0.798187, 0.798675, 0.799162, 0.799648, 0.800134,
0.800618, 0.801102, 0.801585, 0.802067, 0.802548, 0.803028, 0.803508,
0.803987, 0.804464, 0.804941, 0.805418, 0.805893, 0.806367, 0.806841,
0.807314, 0.807786, 0.808257, 0.808727, 0.809197, 0.809666, 0.810133,
0.8106, 0.811067, 0.811532, 0.811996, 0.81246, 0.812923, 0.813385,
0.813846, 0.814306, 0.814766, 0.815225, 0.815683, 0.81614, 0.816596,
0.817051, 0.817506, 0.81796, 0.818413, 0.818865, 0.819316, 0.819766,
0.820216, 0.820665, 0.821113, 0.82156, 0.822006, 0.822452, 0.822896,
0.82334, 0.823783, 0.824226, 0.824667, 0.825108, 0.825547, 0.825986,
0.826424, 0.826862, 0.827298, 0.827734, 0.828169, 0.828603, 0.829036,
0.829469, 0.8299, 0.830331, 0.830761, 0.83119, 0.831619, 0.832046,
0.832473, 0.832899, 0.833324, 0.833748, 0.834172, 0.834594, 0.835016,
0.835437, 0.835858, 0.836277, 0.836696, 0.837114, 0.837531, 0.837947,
0.838363, 0.838777, 0.839191, 0.839604, 0.840016, 0.840428, 0.840839,
0.841248, 0.841658, 0.842066, 0.842473, 0.84288, 0.843286, 0.843691,
0.844095, 0.844499, 0.844901, 0.845303, 0.845704, 0.846105, 0.846504,
0.846903, 0.847301, 0.847698, 0.848095, 0.84849, 0.848885, 0.849279,
0.849672, 0.850065, 0.850456, 0.850847, 0.851237, 0.851627, 0.852015,
0.852403, 0.85279, 0.853176, 0.853562, 0.853946, 0.85433, 0.854713,
0.855096, 0.855477, 0.855858, 0.856238, 0.856617, 0.856996, 0.857373,
0.85775, 0.858127, 0.858502, 0.858877, 0.85925, 0.859623, 0.859996,
0.860367, 0.860738, 0.861108, 0.861477, 0.861846, 0.862214, 0.862581,
0.862947, 0.863312, 0.863677, 0.864041, 0.864404, 0.864767, 0.865128,
0.865489, 0.865849, 0.866209, 0.866567, 0.866925, 0.867282, 0.867639,
0.867994, 0.868349, 0.868704, 0.869057, 0.86941, 0.869762, 0.870113,
0.870463, 0.870813, 0.871162, 0.87151, 0.871857, 0.872204, 0.87255,
0.872895, 0.87324, 0.873584, 0.873927, 0.874269, 0.874611, 0.874952,
0.875292, 0.875631, 0.87597, 0.876308, 0.876645, 0.876981, 0.877317,
0.877652, 0.877986, 0.87832, 0.878653, 0.878985, 0.879316, 0.879647,
0.879977, 0.880306, 0.880635, 0.880962, 0.88129, 0.881616, 0.881942,
0.882267, 0.882591, 0.882914, 0.883237, 0.883559, 0.883881, 0.884201,
0.884521, 0.88484, 0.885159, 0.885477, 0.885794, 0.88611, 0.886426,
0.886741, 0.887056, 0.887369, 0.887682, 0.887994, 0.888306, 0.888617,
0.888927, 0.889236, 0.889545, 0.889853, 0.890161, 0.890467, 0.890773,
0.891079, 0.891383, 0.891687, 0.891991, 0.892293, 0.892595, 0.892896,
0.893197, 0.893497, 0.893796, 0.894094, 0.894392, 0.894689, 0.894986,
0.895281, 0.895576, 0.895871, 0.896165, 0.896458, 0.89675, 0.897042,
0.897333, 0.897623, 0.897913, 0.898202, 0.89849, 0.898778, 0.899065,
0.899352, 0.899637, 0.899922, 0.900207, 0.900491, 0.900774, 0.901056,
0.901338, 0.901619, 0.9019, 0.902179, 0.902459, 0.902737, 0.903015,
0.903292, 0.903569, 0.903845, 0.90412, 0.904395, 0.904669, 0.904942,
0.905215, 0.905487, 0.905758, 0.906029, 0.906299, 0.906569, 0.906838,
0.907106, 0.907373, 0.90764, 0.907907, 0.908172, 0.908437, 0.908702,
0.908966, 0.909229, 0.909491, 0.909753, 0.910015, 0.910275, 0.910535,
0.910795, 0.911054, 0.911312, 0.911569, 0.911826, 0.912083, 0.912339,
0.912594, 0.912848, 0.913102, 0.913355, 0.913608, 0.91386, 0.914111,
0.914362, 0.914612, 0.914862, 0.915111, 0.915359, 0.915607, 0.915854,
0.916101, 0.916347, 0.916592, 0.916837, 0.917081, 0.917325, 0.917568,
0.917811, 0.918052, 0.918294, 0.918534, 0.918774, 0.919014, 0.919253,
0.919491, 0.919729, 0.919966, 0.920202, 0.920438, 0.920673, 0.920908,
0.921142, 0.921376, 0.921609, 0.921841, 0.922073, 0.922305, 0.922535,
0.922766, 0.922995, 0.923224, 0.923453, 0.92368, 0.923908, 0.924134,
0.924361, 0.924586, 0.924811, 0.925036, 0.92526, 0.925483, 0.925706,
0.925928, 0.92615, 0.926371, 0.926591, 0.926811, 0.927031, 0.92725,
0.927468, 0.927686, 0.927903, 0.92812, 0.928336, 0.928551, 0.928766,
0.928981, 0.929195, 0.929408, 0.929621, 0.929833, 0.930045, 0.930256,
0.930467, 0.930677, 0.930887, 0.931096, 0.931304, 0.931512, 0.93172,
0.931927, 0.932133, 0.932339, 0.932544, 0.932749, 0.932953, 0.933157,
0.93336, 0.933563, 0.933765, 0.933967, 0.934168, 0.934369, 0.934569,
0.934768, 0.934968, 0.935166, 0.935364, 0.935562, 0.935759, 0.935955,
0.936151, 0.936347, 0.936542, 0.936736, 0.93693, 0.937123, 0.937316,
0.937509, 0.937701, 0.937892, 0.938083, 0.938273, 0.938463, 0.938653,
0.938842, 0.93903, 0.939218, 0.939405, 0.939592, 0.939779, 0.939965,
0.94015, 0.940335, 0.94052, 0.940704, 0.940887, 0.94107, 0.941253,
0.941435, 0.941616, 0.941797, 0.941978, 0.942158, 0.942338, 0.942517,
0.942696, 0.942874, 0.943052, 0.943229, 0.943406, 0.943582, 0.943758,
0.943933, 0.944108, 0.944282, 0.944456, 0.94463, 0.944803, 0.944975,
0.945147, 0.945319, 0.94549, 0.945661, 0.945831, 0.946001, 0.94617,
0.946339, 0.946508, 0.946675, 0.946843, 0.94701, 0.947177, 0.947343,
0.947508, 0.947674, 0.947838, 0.948003, 0.948167, 0.94833, 0.948493,
0.948656, 0.948818, 0.948979, 0.949141, 0.949301, 0.949462, 0.949622,
0.949781, 0.94994, 0.950099, 0.950257, 0.950415, 0.950572, 0.950729,
0.950885, 0.951041, 0.951197, 0.951352, 0.951506, 0.951661, 0.951815,
0.951968, 0.952121, 0.952274, 0.952426, 0.952577, 0.952729, 0.95288,
0.95303, 0.95318, 0.95333, 0.953479, 0.953628, 0.953776, 0.953924,
0.954072, 0.954219, 0.954366, 0.954512, 0.954658, 0.954803, 0.954948,
0.955093, 0.955237, 0.955381, 0.955525, 0.955668, 0.95581, 0.955953,
0.956095, 0.956236, 0.956377, 0.956518, 0.956658, 0.956798, 0.956937,
0.957077, 0.957215, 0.957354, 0.957492, 0.957629, 0.957766, 0.957903,
0.958039, 0.958175, 0.958311, 0.958446, 0.958581, 0.958715, 0.958849,
0.958983, 0.959116, 0.959249, 0.959382, 0.959514, 0.959646, 0.959777,
0.959908, 0.960039, 0.960169, 0.960299, 0.960428, 0.960558, 0.960686,
0.960815, 0.960943, 0.961071, 0.961198, 0.961325, 0.961451, 0.961578,
0.961703, 0.961829, 0.961954, 0.962079, 0.962203, 0.962327, 0.962451,
0.962574, 0.962697, 0.96282, 0.962942, 0.963064, 0.963186, 0.963307,
0.963428, 0.963548, 0.963668, 0.963788, 0.963907, 0.964027, 0.964145,
0.964264, 0.964382, 0.9645, 0.964617, 0.964734, 0.964851, 0.964967,
0.965083, 0.965199, 0.965314, 0.965429, 0.965544, 0.965658, 0.965772,
0.965885, 0.965999, 0.966112, 0.966224, 0.966337, 0.966449, 0.96656,
0.966672, 0.966783, 0.966893, 0.967004, 0.967114, 0.967223, 0.967333,
0.967442, 0.96755, 0.967659, 0.967767, 0.967875, 0.967982, 0.968089,
0.968196, 0.968302, 0.968409, 0.968514, 0.96862, 0.968725, 0.96883,
0.968935, 0.969039, 0.969143, 0.969246, 0.96935, 0.969453, 0.969556,
0.969658, 0.96976, 0.969862, 0.969963, 0.970065, 0.970165, 0.970266,
0.970366, 0.970466, 0.970566, 0.970665, 0.970764, 0.970863, 0.970962,
0.97106, 0.971158, 0.971255, 0.971353, 0.97145, 0.971546, 0.971643,
0.971739, 0.971835, 0.97193, 0.972026, 0.97212, 0.972215, 0.97231,
0.972404, 0.972497, 0.972591, 0.972684, 0.972777, 0.97287, 0.972962,
0.973054, 0.973146, 0.973238, 0.973329, 0.97342, 0.973511, 0.973601,
0.973691, 0.973781, 0.973871, 0.97396, 0.974049, 0.974138, 0.974227,
0.974315, 0.974403, 0.974491, 0.974578, 0.974665, 0.974752, 0.974839,
0.974925, 0.975011, 0.975097, 0.975183, 0.975268, 0.975353, 0.975438,
0.975522, 0.975606, 0.97569, 0.975774, 0.975858, 0.975941, 0.976024,
0.976107, 0.976189, 0.976271, 0.976353, 0.976435, 0.976516, 0.976597,
0.976678, 0.976759, 0.976839, 0.97692, 0.976999, 0.977079, 0.977159,
0.977238, 0.977317, 0.977395, 0.977474, 0.977552, 0.97763, 0.977708,
0.977785, 0.977862, 0.977939, 0.978016, 0.978092, 0.978169, 0.978245,
0.97832, 0.978396, 0.978471, 0.978546, 0.978621, 0.978696, 0.97877,
0.978844, 0.978918, 0.978992, 0.979065, 0.979138, 0.979211, 0.979284,
0.979356, 0.979429, 0.979501, 0.979573, 0.979644, 0.979716, 0.979787,
0.979858, 0.979928, 0.979999, 0.980069, 0.980139, 0.980209, 0.980278,
0.980348, 0.980417, 0.980486, 0.980554, 0.980623, 0.980691, 0.980759,
0.980827, 0.980894, 0.980962, 0.981029, 0.981096, 0.981163, 0.981229,
0.981295, 0.981361, 0.981427, 0.981493, 0.981558, 0.981624, 0.981689,
0.981753, 0.981818, 0.981883, 0.981947, 0.982011, 0.982074, 0.982138,
0.982201, 0.982265, 0.982328, 0.98239, 0.982453, 0.982515, 0.982577,
0.982639, 0.982701, 0.982763, 0.982824, 0.982885, 0.982946, 0.983007,
0.983068, 0.983128, 0.983188, 0.983248, 0.983308, 0.983367, 0.983427,
0.983486, 0.983545, 0.983604, 0.983662, 0.983721, 0.983779, 0.983837,
0.983895, 0.983953, 0.98401, 0.984068, 0.984125, 0.984182, 0.984238,
0.984295, 0.984351, 0.984407, 0.984463, 0.984519, 0.984575, 0.98463,
0.984686, 0.984741, 0.984796, 0.98485, 0.984905, 0.984959, 0.985013,
0.985067, 0.985121, 0.985175, 0.985228, 0.985282, 0.985335, 0.985388,
0.985441, 0.985493, 0.985546, 0.985598, 0.98565, 0.985702, 0.985754,
0.985805, 0.985857, 0.985908, 0.985959, 0.98601, 0.98606, 0.986111,
0.986161, 0.986212, 0.986262, 0.986311, 0.986361, 0.986411, 0.98646,
0.986509, 0.986558, 0.986607, 0.986656, 0.986705, 0.986753, 0.986801,
0.986849, 0.986897, 0.986945, 0.986993, 0.98704, 0.987087, 0.987134,
0.987181, 0.987228, 0.987275, 0.987321, 0.987368, 0.987414, 0.98746,
0.987506, 0.987552, 0.987597, 0.987643, 0.987688, 0.987733, 0.987778,
0.987823, 0.987867, 0.987912, 0.987956, 0.988, 0.988044, 0.988088,
0.988132, 0.988176, 0.988219, 0.988262, 0.988306, 0.988349, 0.988392,
0.988434, 0.988477, 0.988519, 0.988562, 0.988604, 0.988646, 0.988688,
0.988729, 0.988771, 0.988812, 0.988854, 0.988895, 0.988936, 0.988977,
0.989018, 0.989058, 0.989099, 0.989139, 0.989179, 0.989219, 0.989259,
0.989299, 0.989339, 0.989378, 0.989417, 0.989457, 0.989496, 0.989535,
0.989574, 0.989612, 0.989651, 0.989689, 0.989728, 0.989766, 0.989804,
0.989842, 0.98988, 0.989917, 0.989955, 0.989992, 0.990029, 0.990067,
0.990104, 0.990141, 0.990177, 0.990214, 0.99025, 0.990287, 0.990323,
0.990359, 0.990395, 0.990431, 0.990467, 0.990503, 0.990538, 0.990573,
0.990609, 0.990644, 0.990679, 0.990714, 0.990749, 0.990783, 0.990818,
0.990852, 0.990886, 0.990921, 0.990955, 0.990989, 0.991023, 0.991056,
0.99109, 0.991123, 0.991157, 0.99119, 0.991223, 0.991256, 0.991289,
0.991322, 0.991354, 0.991387, 0.991419, 0.991452, 0.991484, 0.991516,
0.991548, 0.99158, 0.991612, 0.991643, 0.991675, 0.991706, 0.991738,
0.991769, 0.9918, 0.991831, 0.991862, 0.991893, 0.991923, 0.991954,
0.991984, 0.992015, 0.992045, 0.992075, 0.992105, 0.992135, 0.992165,
0.992195, 0.992224, 0.992254, 0.992283, 0.992312, 0.992342, 0.992371,
0.9924, 0.992429, 0.992457, 0.992486, 0.992515, 0.992543, 0.992571,
0.9926, 0.992628, 0.992656, 0.992684, 0.992712, 0.99274, 0.992767,
0.992795, 0.992822, 0.99285, 0.992877, 0.992904, 0.992931, 0.992958,
0.992985, 0.993012, 0.993039, 0.993065, 0.993092, 0.993118, 0.993145,
0.993171, 0.993197, 0.993223, 0.993249, 0.993275, 0.993301, 0.993327,
0.993352, 0.993378, 0.993403, 0.993428, 0.993454, 0.993479, 0.993504,
0.993529, 0.993554, 0.993578, 0.993603, 0.993628, 0.993652, 0.993677,
0.993701, 0.993725, 0.993749, 0.993774, 0.993798, 0.993821, 0.993845,
0.993869, 0.993893, 0.993916, 0.99394, 0.993963, 0.993986, 0.99401,
0.994033, 0.994056, 0.994079, 0.994102, 0.994125, 0.994147, 0.99417,
0.994193, 0.994215, 0.994237, 0.99426, 0.994282, 0.994304, 0.994326,
0.994348, 0.99437, 0.994392, 0.994414, 0.994435, 0.994457, 0.994479,
0.9945, 0.994521, 0.994543, 0.994564, 0.994585, 0.994606, 0.994627,
0.994648, 0.994669, 0.99469, 0.99471, 0.994731, 0.994751, 0.994772,
0.994792, 0.994813, 0.994833, 0.994853, 0.994873, 0.994893, 0.994913,
0.994933, 0.994953, 0.994972, 0.994992, 0.995012, 0.995031, 0.995051,
0.99507, 0.995089, 0.995108, 0.995128, 0.995147, 0.995166, 0.995185,
0.995203, 0.995222, 0.995241, 0.99526, 0.995278, 0.995297, 0.995315,
0.995334, 0.995352, 0.99537, 0.995388, 0.995407, 0.995425, 0.995443,
0.995461, 0.995478, 0.995496, 0.995514, 0.995532, 0.995549, 0.995567,
0.995584, 0.995602, 0.995619, 0.995636, 0.995653, 0.995671, 0.995688,
0.995705, 0.995722, 0.995738, 0.995755, 0.995772, 0.995789, 0.995805,
0.995822, 0.995839, 0.995855, 0.995871, 0.995888, 0.995904, 0.99592,
0.995936, 0.995952, 0.995968, 0.995984, 0.996, 0.996016, 0.996032,
0.996048, 0.996063, 0.996079, 0.996095, 0.99611, 0.996126, 0.996141,
0.996156, 0.996172, 0.996187, 0.996202, 0.996217, 0.996232, 0.996247,
0.996262, 0.996277, 0.996292, 0.996307, 0.996321, 0.996336, 0.99635,
0.996365, 0.99638, 0.996394, 0.996408, 0.996423, 0.996437, 0.996451,
0.996465, 0.996479, 0.996494, 0.996508, 0.996522, 0.996535, 0.996549,
0.996563, 0.996577, 0.996591, 0.996604, 0.996618, 0.996631, 0.996645,
0.996658, 0.996672, 0.996685, 0.996698, 0.996711, 0.996725, 0.996738,
0.996751, 0.996764, 0.996777, 0.99679, 0.996803, 0.996816, 0.996828,
0.996841, 0.996854, 0.996867, 0.996879, 0.996892, 0.996904, 0.996917,
0.996929, 0.996941, 0.996954, 0.996966, 0.996978, 0.99699, 0.997003,
0.997015, 0.997027, 0.997039, 0.997051, 0.997063, 0.997074, 0.997086,
0.997098, 0.99711, 0.997121, 0.997133, 0.997145, 0.997156, 0.997168,
0.997179, 0.99719, 0.997202, 0.997213, 0.997224, 0.997236, 0.997247,
0.997258, 0.997269, 0.99728, 0.997291, 0.997302, 0.997313, 0.997324,
0.997335, 0.997346, 0.997357, 0.997367, 0.997378, 0.997389, 0.997399,
0.99741, 0.99742, 0.997431, 0.997441, 0.997452, 0.997462, 0.997472,
0.997483, 0.997493, 0.997503, 0.997513, 0.997523, 0.997534, 0.997544,
0.997554, 0.997564, 0.997574, 0.997583, 0.997593, 0.997603, 0.997613,
0.997623, 0.997632, 0.997642, 0.997652, 0.997661, 0.997671, 0.99768,
0.99769, 0.997699, 0.997709, 0.997718, 0.997727, 0.997737, 0.997746,
0.997755, 0.997764, 0.997774, 0.997783, 0.997792, 0.997801, 0.99781,
0.997819, 0.997828, 0.997837, 0.997846, 0.997854, 0.997863, 0.997872,
0.997881, 0.997889, 0.997898, 0.997907, 0.997915, 0.997924, 0.997932,
0.997941, 0.997949, 0.997958, 0.997966, 0.997975, 0.997983, 0.997991,
0.998, 0.998008, 0.998016, 0.998024, 0.998032, 0.998041, 0.998049,
0.998057, 0.998065, 0.998073, 0.998081, 0.998089, 0.998096, 0.998104,
0.998112, 0.99812, 0.998128, 0.998135, 0.998143, 0.998151, 0.998159,
0.998166, 0.998174, 0.998181, 0.998189, 0.998196, 0.998204, 0.998211,
0.998219, 0.998226, 0.998233, 0.998241, 0.998248, 0.998255, 0.998263,
0.99827, 0.998277, 0.998284, 0.998291, 0.998298, 0.998305, 0.998312,
0.998319, 0.998326, 0.998333, 0.99834, 0.998347, 0.998354, 0.998361,
0.998368, 0.998375, 0.998381, 0.998388, 0.998395, 0.998401, 0.998408,
0.998415, 0.998421, 0.998428, 0.998435, 0.998441, 0.998448, 0.998454,
0.998461, 0.998467, 0.998473, 0.99848, 0.998486, 0.998492, 0.998499,
0.998505, 0.998511, 0.998517, 0.998524, 0.99853, 0.998536, 0.998542,
0.998548, 0.998554, 0.99856, 0.998566, 0.998572, 0.998578, 0.998584,
0.99859, 0.998596, 0.998602, 0.998608, 0.998614, 0.99862, 0.998625,
0.998631, 0.998637, 0.998643, 0.998648, 0.998654, 0.99866, 0.998665,
0.998671, 0.998677, 0.998682, 0.998688, 0.998693, 0.998699, 0.998704,
0.99871, 0.998715, 0.99872, 0.998726, 0.998731, 0.998737, 0.998742,
0.998747, 0.998752, 0.998758, 0.998763, 0.998768, 0.998773, 0.998779,
0.998784, 0.998789, 0.998794, 0.998799, 0.998804, 0.998809, 0.998814,
0.998819, 0.998824, 0.998829, 0.998834, 0.998839, 0.998844, 0.998849,
0.998854, 0.998859, 0.998864, 0.998868, 0.998873, 0.998878, 0.998883,
0.998887, 0.998892, 0.998897, 0.998901, 0.998906, 0.998911, 0.998915,
0.99892, 0.998925, 0.998929, 0.998934, 0.998938, 0.998943, 0.998947,
0.998952, 0.998956, 0.998961, 0.998965, 0.998969, 0.998974, 0.998978,
0.998983, 0.998987, 0.998991, 0.998996, 0.999, 0.999004, 0.999008,
0.999013, 0.999017, 0.999021, 0.999025, 0.999029, 0.999033, 0.999038))
data_all_128_relevant <- data_all_128[data_all_128[,2]<0.999,]
data_all_128_relevant[,2] <- data_all_128_relevant[,2]*100
data_prob_specific_relevant <- data_prob_specific[data_prob_specific[,2]<1,]
data_prob_specific_relevant[,2] <- data_prob_specific_relevant[,2]*100
data_avg_set_relevant <- data_avg_set[data_avg_set[,2]<127.9,]
merged <- merge(merge(data_all_128_relevant,data_avg_set_relevant,by="x",all=T),data_prob_specific_relevant,by="x",all=T)
colnames(merged) <- c("x", "avg_all_128", "avg_avg_set", "avg_prob_specific")
merged[,"avg_avg_set"] <- merged[,"avg_avg_set"]/128*100
merged <- merged[,-4]
merged_melt <- reshape::melt(merged, id=c("x"))
a <- "\U2063"
my_labels <- c("WS alle Eviction-Sets zu finden",
paste0("WS ein fixes Eviction-Set zu finden            "))
plot <-
ggplot2::ggplot(merged_melt, ggplot2::aes(x, value, color=variable)) +
ggplot2::geom_line(ggplot2::aes(linetype=variable)) +
ggplot2::scale_y_continuous(name="Wahrscheinlichkeit (\\%)",
limits=c(80, 100),
breaks=seq(80,100,2)) +
ggplot2::scale_x_continuous(name="Anzahl an Adressen im Pool (x)",
limits=c(2400, 5000),
breaks=c(seq(2500,5000,500)))+
ggplot2::theme(legend.position = c(0.788, 0.1), legend.title=ggplot2::element_blank())+
ggplot2::scale_linetype(labels = my_labels) +
#ggplot2::theme(legend.position="none")
ggplot2::scale_color_manual(labels = my_labels, values = c("black", "black")) +
ggplot2::guides(fill=ggplot2::guide_legend(
keywidth=0.1,
keyheight=1.1,
default.unit="inch")
)
plot
View(merged_melt)
View(merged)
View(merged_melt)
plot <-
ggplot2::ggplot(merged_melt, ggplot2::aes(x, value, color=variable)) +
ggplot2::geom_line(ggplot2::aes(linetype=variable)) +
ggplot2::scale_y_continuous(name="Wahrscheinlichkeit (\\%)",
limits=c(80, 100),
breaks=seq(80,100,2)) +
ggplot2::scale_x_continuous(name="Anzahl an Adressen im Pool (x)",
limits=c(2400, 5000),
breaks=c(seq(2500,5000,500)))+
ggplot2::theme(legend.position = c(0.788, 0.1), legend.title=ggplot2::element_blank())+
ggplot2::scale_linetype(labels = my_labels) +
#ggplot2::theme(legend.position="none")
ggplot2::scale_color_manual(labels = my_labels, values = c("black", "black")) +
ggplot2::guides(fill=ggplot2::guide_legend(
keywidth=0.1,
keyheight=1.1,
default.unit="inch")
)
print(plot)
